{'reflen': 12043, 'guess': [12111, 11097, 10083, 9069], 'testlen': 12111, 'correct': [7305, 3073, 1231, 526]}
ratio: 1.00564643361
{'Bleu_1': 0.6031706712905125,
 'Bleu_2': 0.4086943136160806,
 'Bleu_3': 0.27320490488933613,
 'Bleu_4': 0.18544834187860113,
 'CIDEr': 0.36731058394875626,
 'METEOR': 0.17717476587003125,
 'ROUGE_L': 0.40333030866601721}
