{'reflen': 12090, 'guess': [12142, 11128, 10114, 9100], 'testlen': 12142, 'correct': [7187, 2964, 1176, 493]}
ratio: 1.00430107527
{'Bleu_1': 0.5919123702849125,
 'Bleu_2': 0.39706284435287237,
 'Bleu_3': 0.26367419191361036,
 'Bleu_4': 0.1775219662391833,
 'CIDEr': 0.32758649089698288,
 'METEOR': 0.1721151998255876,
 'ROUGE_L': 0.39538232218977237}
