{'reflen': 12109, 'guess': [12159, 11145, 10131, 9117], 'testlen': 12159, 'correct': [7262, 3059, 1275, 552]}
ratio: 1.00412916013
{'Bleu_1': 0.597253063574258,
 'Bleu_2': 0.4048823967268981,
 'Bleu_3': 0.27426594563533163,
 'Bleu_4': 0.18799690332936977,
 'CIDEr': 0.33899021573564558,
 'METEOR': 0.17509356918228627,
 'ROUGE_L': 0.39866193702101221}
