{'reflen': 12091, 'guess': [12144, 11130, 10116, 9102], 'testlen': 12144, 'correct': [7261, 3053, 1247, 534]}
ratio: 1.00438342569
{'Bleu_1': 0.5979084321475133,
 'Bleu_2': 0.4049796111853639,
 'Bleu_3': 0.27242146053733,
 'Bleu_4': 0.18558039476211058,
 'CIDEr': 0.33359624761946699,
 'METEOR': 0.1761043222175114,
 'ROUGE_L': 0.399439727895118}
