{'reflen': 12060, 'guess': [12100, 11086, 10072, 9058], 'testlen': 12100, 'correct': [7206, 2991, 1198, 503]}
ratio: 1.00331674959
{'Bleu_1': 0.5955371900825954,
 'Bleu_2': 0.400843839255338,
 'Bleu_3': 0.2673604575183649,
 'Bleu_4': 0.18049151860104568,
 'CIDEr': 0.34025227997999341,
 'METEOR': 0.17386773662056706,
 'ROUGE_L': 0.3985250515026077}
