{'reflen': 12069, 'guess': [12117, 11103, 10089, 9075], 'testlen': 12117, 'correct': [7216, 2988, 1195, 511]}
ratio: 1.00397713149
{'Bleu_1': 0.5955269456135516,
 'Bleu_2': 0.4003324873998153,
 'Bleu_3': 0.26675986220252856,
 'Bleu_4': 0.18081478108702936,
 'CIDEr': 0.33381800296051284,
 'METEOR': 0.17362171972838994,
 'ROUGE_L': 0.39739102789080144}
